9.275015e+00 6.468998e+10 1000 1000 native
9.353713e+00 6.414570e+10 1000 1000 native
1.005679e+01 5.966124e+10 1000 1000 native
9.212347e+00 6.513004e+10 1000 1000 native
8.927887e+00 6.720521e+10 1000 1000 native
1.483881e+01 4.380406e+10 1000 1000 native(r)
1.470451e+01 4.420414e+10 1000 1000 native(r)
1.549293e+01 4.195462e+10 1000 1000 native(r)
1.492831e+01 4.354143e+10 1000 1000 native(r)
1.484289e+01 4.379201e+10 1000 1000 native(r)
1.605872e+01 3.736290e+10 1000 1000 offload
1.651034e+01 3.634090e+10 1000 1000 offload
1.636427e+01 3.666528e+10 1000 1000 offload
1.730530e+01 3.467148e+10 1000 1000 offload
1.581212e+01 3.794561e+10 1000 1000 offload
2.766305e+01 2.349705e+10 1000 1000 offload(r)
2.714475e+01 2.394570e+10 1000 1000 offload(r)
2.940772e+01 2.210304e+10 1000 1000 offload(r)
2.698296e+01 2.408928e+10 1000 1000 offload(r)
2.762015e+01 2.353354e+10 1000 1000 offload(r)
1.789210e+01 3.353438e+10 1000 1000 acc
1.750876e+01 3.426858e+10 1000 1000 acc
1.739321e+01 3.449626e+10 1000 1000 acc
1.740993e+01 3.446313e+10 1000 1000 acc
1.737988e+01 3.452271e+10 1000 1000 acc
2.955143e+01 2.199555e+10 1000 1000 acc(r)
2.970456e+01 2.188216e+10 1000 1000 acc(r)
2.972323e+01 2.186842e+10 1000 1000 acc(r)
2.973377e+01 2.186067e+10 1000 1000 acc(r)
2.970534e+01 2.188159e+10 1000 1000 acc(r)
2.065995e+01 2.904172e+10 1000 1000 cuda
2.083792e+01 2.879369e+10 1000 1000 cuda
2.081854e+01 2.882049e+10 1000 1000 cuda
2.081965e+01 2.881895e+10 1000 1000 cuda
2.094198e+01 2.865061e+10 1000 1000 cuda
9.081889e+00 3.303305e+10 5000 5000 native
9.102210e+00 3.295930e+10 5000 5000 native
9.108109e+00 3.293796e+10 5000 5000 native
9.162181e+00 3.274357e+10 5000 5000 native
9.070146e+00 3.307582e+10 5000 5000 native
1.299634e+01 2.308361e+10 5000 5000 offload
1.216340e+01 2.466436e+10 5000 5000 offload
1.198526e+01 2.503095e+10 5000 5000 offload
1.282386e+01 2.339408e+10 5000 5000 offload
1.282567e+01 2.339079e+10 5000 5000 offload
8.603237e+00 3.487089e+10 5000 5000 acc
8.575176e+00 3.498500e+10 5000 5000 acc
8.586344e+00 3.493949e+10 5000 5000 acc
8.573792e+00 3.499064e+10 5000 5000 acc
8.581090e+00 3.496088e+10 5000 5000 acc
9.791091e+00 3.064035e+10 5000 5000 cuda
9.852205e+00 3.045029e+10 5000 5000 cuda
9.794639e+00 3.062926e+10 5000 5000 cuda
9.798032e+00 3.061865e+10 5000 5000 cuda
9.795084e+00 3.062786e+10 5000 5000 cuda
